id,label,fold,label_0,label_1,label_2,label_3
0,1,1,0.0017283466877415776,0.9982415437698364,7.6207847996556666e-06,2.2489142793347128e-05
1,1,0,4.949453068547882e-05,0.99988853931427,1.1427630852267612e-05,5.052215055911802e-05
2,0,3,0.9984496831893921,9.935198613675311e-05,4.051541054650443e-06,0.0014469249872490764
3,3,1,0.0034296177327632904,0.003979458473622799,0.0018827376188710332,0.9907082319259644
4,0,1,0.9998501539230347,0.00010921496141236275,7.560868652944919e-06,3.310101601528004e-05
5,0,3,0.9996411800384521,0.000264455855358392,4.4590131437871605e-05,4.984569750376977e-05
6,1,1,0.0005170052172616124,0.9797791242599487,0.016875024884939194,0.0028289214242249727
7,1,1,4.734756294055842e-05,0.9999401569366455,4.553455255518202e-06,8.041831279115286e-06
8,0,1,0.9999123811721802,4.854693906963803e-05,2.3138160031521693e-05,1.5889800124568865e-05
9,2,1,2.4575359930167906e-05,4.6619694330729544e-05,0.9999030828475952,2.574716563685797e-05
10,2,0,3.056203786400147e-05,3.7558191252173856e-05,0.9999065399169922,2.542655056458898e-05
11,0,0,0.9999181032180786,6.814589869463816e-05,6.389854206645396e-06,7.323433237615973e-06
12,0,3,0.999893307685852,7.459721382474527e-05,9.805708032217808e-06,2.226043216069229e-05
13,0,2,0.9987438321113586,0.0011900505051016808,1.6525595128769055e-05,4.961995000485331e-05
14,1,3,3.17419326165691e-05,0.9999532699584961,4.370536771602929e-06,1.0563518117123749e-05
15,1,2,3.451521843089722e-05,0.9999414682388306,1.1702964911819436e-05,1.2252652595634572e-05
16,2,3,2.1446172468131408e-05,2.0608813429134898e-05,0.9999364614486694,2.1474130335263908e-05
17,0,1,0.9984563589096069,0.001452649012207985,2.4587425286881626e-05,6.629918061662465e-05
18,0,0,0.9998694658279419,5.861689351149835e-05,3.8795697037130594e-06,6.794564251322299e-05
19,1,2,1.427344250259921e-05,0.9998630285263062,2.0657782897615107e-06,0.0001206567685585469
20,0,0,0.998883068561554,0.0010593857150524855,7.53356289351359e-06,5.0095433834940195e-05
21,0,0,0.9967175126075745,0.0032532699406147003,2.2410695237340406e-05,6.759693405911094e-06
22,0,1,0.9966393709182739,0.0003297390940133482,0.00219518318772316,0.0008356904145330191
23,1,2,6.502895121229813e-05,0.9998745918273926,4.562397862173384e-06,5.572862210101448e-05
24,1,3,0.00010750271758297458,0.9998859167098999,3.1418262551596854e-06,3.438279463807703e-06
25,0,3,0.9999624490737915,2.57130159297958e-05,3.2164680305868387e-06,8.56172846397385e-06
26,0,3,0.9999411106109619,9.289597983297426e-06,3.063759868382476e-05,1.8909364371211268e-05
27,0,2,0.999962568283081,1.2863628398918081e-05,5.942250027146656e-06,1.858040013758e-05
28,1,2,0.0010881285415962338,0.9988344311714172,3.5599098282546038e-06,7.396729779429734e-05
29,1,0,0.002244392642751336,0.997545063495636,1.9843251720885746e-05,0.00019063068612013012
30,0,0,0.9999501705169678,3.874718822771683e-05,6.0423294598876964e-06,4.949386948283063e-06
31,2,2,1.3396980648394674e-05,8.97812788025476e-06,0.9999749660491943,2.7099849830847234e-06
32,0,1,0.9995443224906921,0.0002447829465381801,0.0001580487150931731,5.290284752845764e-05
33,0,3,0.9999241828918457,5.1618855650303885e-05,1.4194514506016276e-06,2.2727477698936127e-05
34,0,2,0.9999196529388428,5.2979572501499206e-05,2.3396391043206677e-05,4.026863734907238e-06
35,0,1,0.999884843826294,6.508173828478903e-05,1.754543700371869e-05,3.248811117373407e-05
36,0,1,0.9987857937812805,0.00017164371092803776,0.00012998786405660212,0.0009125840733759105
37,0,3,0.9999600648880005,3.0221830456866883e-05,3.7839067772438284e-06,5.850817615282722e-06
38,1,1,0.008437895216047764,0.9911205172538757,1.7859309082268737e-05,0.00042380840750411153
39,1,3,4.0821003494784236e-05,0.9998931884765625,2.722014414757723e-06,6.332667544484138e-05
40,1,2,1.5954241462168284e-05,0.9997349381446838,1.2531098036561161e-05,0.00023662355670239776
41,0,3,0.9998181462287903,0.00016163820691872388,5.3203107199806254e-06,1.4877175090077799e-05
42,0,0,0.8812038898468018,0.0013265565503388643,0.03035428188741207,0.08711526542901993
43,0,3,0.999931812286377,2.7777352443081327e-05,8.28795054985676e-06,3.205313623766415e-05
44,2,3,3.0756542400922626e-05,0.00010777770512504503,0.9998418092727661,1.96086384676164e-05
45,2,0,0.0014565411256626248,0.00022663977870251983,0.9982832670211792,3.360754271852784e-05
46,0,0,0.9998874664306641,8.490969048580155e-05,1.7898293663165532e-05,9.755161954672076e-06
47,0,1,0.9993802309036255,0.0005564651219174266,3.33290190610569e-05,2.9890476071159355e-05
48,0,2,0.9998217225074768,5.493753633345477e-05,0.00010047058458440006,2.2835747586213984e-05
49,1,1,1.7049758753273636e-05,0.9999566078186035,4.202724994684104e-06,2.2113365048426203e-05
50,1,1,6.285575364017859e-05,0.9999258518218994,2.371472874074243e-06,8.971276656666305e-06
51,0,3,0.9999450445175171,3.9801281673135236e-05,9.796401172934566e-06,5.43091391591588e-06
52,1,2,0.04103291407227516,0.07673418521881104,0.00010707203909987584,0.8821259140968323
53,0,2,0.9996696710586548,8.015628554858267e-05,3.641457442427054e-05,0.00021370299509726465
54,0,2,0.023730704560875893,0.9592928290367126,0.0002402953541604802,0.01673625223338604
55,1,0,0.0002791658043861389,0.9332433342933655,1.567259278090205e-05,0.06646183878183365
56,3,2,0.0029266714118421078,0.0004183598211966455,1.6322625015163794e-05,0.9966386556625366
57,1,2,4.448967592907138e-05,0.9998958110809326,1.4755833944946062e-05,4.489804996410385e-05
58,0,2,0.9999430179595947,4.0111415728461e-05,3.984011073043803e-06,1.2902606613351963e-05
59,0,1,0.9991815686225891,0.0005056067602708936,0.0003018893185071647,1.0910784112638794e-05
60,1,3,7.784149784129113e-05,0.9998412132263184,2.3945265184011078e-06,7.858590834075585e-05
61,0,3,0.9995664954185486,3.225930413464084e-05,2.9974482913530665e-06,0.0003983063215855509
62,3,1,0.03086957335472107,0.07558227330446243,0.0029000358190387487,0.8906480669975281
63,0,3,0.9999456405639648,3.6767210985999554e-05,1.124486152548343e-05,6.426000709325308e-06
64,1,0,0.0019082606304436922,0.9941703081130981,2.1124027625774033e-05,0.003900334006175399
65,1,2,0.0016412112163379788,0.998315691947937,1.675626094765903e-06,4.144254853599705e-05
66,1,3,0.0003380306006874889,0.9993415474891663,5.9831104408658575e-06,0.0003143912472296506
67,0,2,0.9999537467956543,3.756332807824947e-05,2.858279458450852e-06,5.791817329736659e-06
68,0,2,0.9999312162399292,5.5204327509272844e-05,8.771866305323783e-06,4.794874712388264e-06
69,0,1,0.999812662601471,0.0001331437233602628,1.7624881365918554e-05,3.6584264307748526e-05
70,1,1,2.0696847059298307e-05,0.9999265670776367,4.1900908399838954e-05,1.0833565283974167e-05
71,1,0,2.746019345067907e-05,0.9999419450759888,4.2209107959934045e-06,2.6353163775638677e-05
72,1,1,0.0003358809626661241,0.9995488524436951,6.222703086677939e-05,5.297831376083195e-05
73,2,0,6.0337861214065924e-06,0.00017538951942697167,0.9998142123222351,4.400507805257803e-06
74,1,2,0.00022792528034187853,0.05298484489321709,0.0018679758068174124,0.9449191689491272
75,2,1,1.0214884241577238e-05,1.8677892512641847e-05,0.9999630451202393,8.061426342464983e-06
76,2,0,0.8577185273170471,0.00663865078240633,0.13560156524181366,4.1348746890434995e-05
77,0,0,0.9998648166656494,0.00010874160216189921,9.001159014587756e-06,1.7332493371213786e-05
78,0,2,0.9943423271179199,0.003812644863501191,9.257480996893719e-06,0.0018357514636591077
79,0,1,0.9875075221061707,0.012000544928014278,0.00042309428681619465,6.885443144710734e-05
80,1,2,8.704359061084688e-05,0.9998202919960022,6.610005129914498e-06,8.611239900346845e-05
81,3,1,0.9589861035346985,0.007663460448384285,0.00026663177413865924,0.033083852380514145
82,1,0,0.9997051358222961,0.00015607824025209993,8.566406177124009e-05,5.304545265971683e-05
83,1,1,3.133044083369896e-05,0.9999291896820068,1.3668054634763394e-05,2.57009087363258e-05
84,1,0,4.188775346847251e-05,0.9999425411224365,3.6886983707518084e-06,1.1898612683580723e-05
85,0,0,0.9998611211776733,8.761315984884277e-05,4.303060268284753e-05,8.260465619969182e-06
86,1,3,0.00013726761972066015,0.9998458623886108,6.1193154579086695e-06,1.0704781743697822e-05
87,1,1,5.904745921725407e-05,0.99983811378479,6.9247607825673185e-06,9.587685781298205e-05
88,0,1,0.999606192111969,0.00031727206078357995,6.534410931635648e-05,1.1214927326363977e-05
89,0,0,0.9999544620513916,3.0217539460863918e-05,5.409683126345044e-06,9.990997568820603e-06
90,1,0,8.020347740966827e-05,0.9999082088470459,2.558719870648929e-06,9.09660775505472e-06
91,0,0,0.9999290704727173,4.975730917067267e-05,5.37599817107548e-06,1.5747353245387785e-05
92,1,0,8.075212099356577e-05,0.9998877048492432,8.798444468993694e-06,2.2817901481175795e-05
93,0,2,0.9997913241386414,0.00019670343317557126,8.886193427315447e-06,3.056021796510322e-06
94,1,2,1.7581445717951283e-05,0.9998780488967896,1.1843766515085008e-05,9.249379218090326e-05
95,3,3,0.0001451316784368828,0.000663707556668669,3.436252518440597e-05,0.9991568326950073
96,1,1,0.025538749992847443,0.9731703996658325,0.00016300378774758428,0.0011278648162260652
97,1,1,4.055686076753773e-05,0.999948263168335,2.8929712243552785e-06,8.220850759244058e-06
98,0,1,0.9998378753662109,0.0001174529388663359,2.113349546561949e-05,2.354039497731719e-05
99,1,3,9.296241478295997e-05,0.9997934699058533,0.00010494625166757032,8.587410775362514e-06
100,1,0,5.493886783369817e-05,0.9999251365661621,8.88567137735663e-06,1.1124877346446738e-05
101,0,3,0.9999161958694458,5.694047285942361e-05,1.160002011602046e-05,1.5289206203306094e-05
102,0,2,0.9999345541000366,4.2833828047150746e-05,5.60961370865698e-06,1.699974927760195e-05
103,1,1,0.000714330468326807,0.999089241027832,2.225723619631026e-05,0.00017413857858628035
104,1,2,0.00024061923613771796,0.9997259974479675,1.0841799849004019e-05,2.248430064355489e-05
105,1,2,0.00010893772559938952,0.9998757839202881,4.398414432671416e-07,1.4779000593989622e-05
106,0,3,0.9976957440376282,0.002078697085380554,3.288075095042586e-05,0.00019274638907518238
107,3,1,0.00019438528397586197,0.9955090284347534,1.4118779290583916e-05,0.0042824395932257175
108,1,1,0.00013704974844586104,0.9995965361595154,0.00012571211846079677,0.00014069827739149332
109,2,2,1.2402760148688685e-05,4.712992449640296e-06,0.9999815225601196,1.3362342770051328e-06
110,0,0,0.9998555183410645,0.0001232835347764194,1.7696866052574478e-05,3.505198037601076e-06
111,1,0,7.293387170648202e-05,0.9999158382415771,6.667277830274543e-06,4.5398901420412585e-06
112,1,2,8.270425314549357e-05,0.9999051094055176,1.6270678315777332e-06,1.0614369784889277e-05
113,0,2,0.9995032548904419,0.00029566240846179426,5.2672676247311756e-05,0.00014839557115919888
114,0,1,0.9997673630714417,0.00013891319395042956,2.799509275064338e-05,6.570216646650806e-05
115,1,2,0.9066058397293091,0.09336823225021362,1.8531540263211355e-05,7.508499493269483e-06
116,0,1,0.9808604717254639,0.0007004343206062913,0.007805873639881611,0.010633298195898533
117,1,2,1.647074350330513e-05,0.9999673366546631,3.5217410641052993e-06,1.2613103535841219e-05
118,2,0,0.0004761175368912518,0.0005494054057635367,0.9988375306129456,0.0001368884986732155
119,2,2,6.787566235288978e-05,3.730970638571307e-05,0.9998794794082642,1.5412817447213456e-05
120,1,1,0.00013076931645628065,0.9997883439064026,4.73385262012016e-05,3.364361327840015e-05
121,1,1,6.339440733427182e-05,0.9999226331710815,6.838699846412055e-06,7.122340775822522e-06
122,0,3,0.9994950294494629,0.0004765027842950076,1.7755663066054694e-05,1.0726242180680856e-05
123,0,1,0.9942124485969543,0.00016589107690379024,0.0005134360981173813,0.005108166020363569
124,3,2,6.289938028203323e-05,0.0005570112843997777,2.3776345187798142e-05,0.999356210231781
125,0,0,0.9999538660049438,3.8057478377595544e-05,3.7003919715061784e-06,4.337776317697717e-06
126,1,0,0.0017449547303840518,0.9616803526878357,3.0256052923505194e-05,0.036544449627399445
127,1,1,3.7334742955863476e-05,0.9998950958251953,1.2313969818933401e-05,5.519769911188632e-05
128,0,1,0.8154458999633789,0.1840774565935135,7.288267079275101e-05,0.00040373095544055104
129,0,2,0.999834418296814,9.637704351916909e-05,3.822085272986442e-05,3.095009378739633e-05
130,3,3,8.042680565267801e-05,0.9944275617599487,2.4680963178980164e-05,0.005467320326715708
131,0,1,0.9998399019241333,3.437755731283687e-05,3.994794315076433e-05,8.579743735026568e-05
132,0,1,0.378974050283432,0.19334067404270172,0.021172117441892624,0.40651318430900574
133,0,0,0.999935507774353,2.932076677097939e-05,1.8867287508328445e-05,1.632198654988315e-05
134,0,1,0.94468092918396,0.05326834321022034,0.0004054828896187246,0.001645139534957707
135,0,1,0.9995444416999817,0.0003838259435724467,5.621606396744028e-05,1.5409723346238025e-05
136,1,3,0.00015938215074129403,0.00032560783438384533,0.0007399423629976809,0.998775064945221
137,1,3,3.729097079485655e-05,0.011323941871523857,3.005038706760388e-05,0.988608717918396
138,2,3,1.2866612451034598e-05,1.3570839655585587e-05,0.9999732971191406,3.043600429464277e-07
139,3,1,0.9734869599342346,0.0006966688088141382,0.0015000246930867434,0.024316344410181046
140,1,1,0.9211499691009521,0.07877149432897568,2.750490057223942e-05,5.103429066366516e-05
141,3,1,0.0018972918624058366,0.997461199760437,6.069562004995532e-05,0.0005807899869978428
142,1,3,0.00025303615257143974,0.999735414981842,5.581550340139074e-06,5.9887343013542704e-06
143,0,3,0.9999297857284546,5.722841888200492e-05,4.730007276521064e-06,8.208243343688082e-06
144,0,3,0.999963641166687,2.0092811610084027e-05,4.293104211683385e-06,1.1930804248549975e-05
145,1,0,3.915219349437393e-05,0.9999208450317383,8.949227776611224e-06,3.10067152895499e-05
146,1,2,0.0002781314542517066,0.9996370077133179,4.5392109313979745e-05,3.948427547584288e-05
147,3,2,0.01665562018752098,0.4296087324619293,0.00043023936450481415,0.5533053874969482
148,3,0,0.0008930051699280739,0.006325962953269482,9.916844282997772e-05,0.9926819205284119
149,1,1,0.003936502616852522,0.6829928755760193,0.0003088059602305293,0.3127618134021759
150,0,2,0.9999222755432129,4.2777988710440695e-05,5.4173151511349715e-06,2.956170283141546e-05
151,0,1,0.8903282880783081,0.003467096947133541,0.002695990027859807,0.10350869596004486
152,1,1,4.398202509037219e-05,0.9999276399612427,8.703927960596047e-06,1.9691016859724186e-05
153,0,2,0.9999452829360962,4.276742765796371e-05,7.609288786625257e-06,4.262948550604051e-06
154,1,0,0.00031246559228748083,0.07145466655492783,9.795301593840122e-05,0.9281349182128906
155,0,2,0.9999449253082275,3.574700895114802e-05,1.1462285328889266e-05,7.911115972092375e-06
156,1,3,0.00015249711577780545,0.9998288154602051,5.590622095041908e-06,1.3085426871839445e-05
157,3,1,0.943885862827301,0.00319087621755898,0.0002761221840046346,0.052647192031145096
158,0,0,0.9999542236328125,1.407966101396596e-05,2.246662370453123e-05,9.338173185824417e-06
159,0,3,0.9997525811195374,0.0002161688607884571,8.69678842718713e-06,2.255153412988875e-05
160,3,1,0.0012628445401787758,0.01287138182669878,0.0003309698950033635,0.9855347871780396
161,0,0,0.9999237060546875,3.5422366636339575e-05,9.340327778772917e-06,3.154501973767765e-05
162,0,2,0.8387355208396912,7.293059752555564e-05,0.03312220796942711,0.12806935608386993
163,0,1,0.9995208978652954,0.0004252853977959603,4.424248618306592e-05,9.563584171701223e-06
164,0,1,0.9998369216918945,0.00011025278217857704,1.949363104358781e-05,3.322955672047101e-05
165,1,2,1.6894702639547177e-05,0.9998632669448853,1.238856293639401e-05,0.00010735398973338306
166,1,2,2.212108302046545e-05,0.999956488609314,4.398385954118567e-06,1.699320273473859e-05
167,0,1,0.9992768168449402,8.685443754075095e-05,4.126173735130578e-05,0.0005951218190602958
168,1,3,7.921252836240456e-05,0.9998973608016968,6.141355697764084e-06,1.731202610244509e-05
169,0,2,0.9999507665634155,3.957584340241738e-05,4.6575987653341144e-06,5.035282356402604e-06
170,0,1,0.9931973218917847,0.005074034910649061,0.0014675430720672011,0.00026108979363925755
171,2,3,3.9536404074169695e-05,0.006760860327631235,0.9931758046150208,2.3836944819777273e-05
172,0,0,0.9999511241912842,1.1586891560000367e-05,1.6325446267728694e-05,2.1011806893511675e-05
173,3,2,6.621710781473666e-05,0.998060405254364,2.1776608264190145e-05,0.0018515810370445251
174,0,0,0.9996840953826904,9.211171709466726e-05,1.216095461131772e-05,0.00021164359350223094
175,0,0,0.9998596906661987,0.00011229924712097272,1.3430383660306688e-05,1.4485356587101705e-05
176,0,1,0.9997982382774353,0.00017223488248419017,1.2203554433654062e-05,1.7419461073586717e-05
177,0,0,0.9999197721481323,5.3467712859855965e-05,6.752879471605411e-06,1.9924113075830974e-05
178,0,1,0.9998075366020203,0.0001245166058652103,7.599814125569537e-06,6.0287737142061815e-05
179,0,2,0.9999600648880005,3.075172571698204e-05,4.450248070497764e-06,4.74366606795229e-06
180,0,3,0.9997079968452454,0.00012914228136651218,7.906028258730657e-06,0.00015493793762288988
181,1,1,0.00016939439228735864,0.9990249872207642,0.0007937111658975482,1.1915310096810572e-05
182,0,2,0.9999440908432007,3.7086101656313986e-05,4.433516551216599e-06,1.446214628231246e-05
183,1,2,2.9777709642075934e-05,0.9999309778213501,4.799585440196097e-06,3.44076834153384e-05
184,1,3,0.006835439242422581,0.9929366707801819,3.100888352491893e-05,0.0001968091237358749
185,0,3,0.9999037981033325,4.391387847135775e-05,2.1494941393029876e-05,3.077396468142979e-05
186,0,3,0.9999440908432007,1.2316592801653314e-05,8.259416972578038e-06,3.533529888954945e-05
187,0,0,0.9997702240943909,0.00020028544531669468,4.497625013755169e-06,2.4913220840971917e-05
188,1,2,5.288424654281698e-05,0.9999412298202515,4.270223143976182e-06,1.6512124147993745e-06
189,0,2,0.9999173879623413,6.348784518195316e-05,1.6344447431038134e-05,2.812487309711287e-06
190,0,2,0.9996715784072876,9.501960448687896e-05,5.98635369897238e-06,0.00022748021001461893
191,0,1,0.9986106157302856,0.00015585325309075415,2.6368748876848258e-05,0.0012070370139554143
192,1,3,0.00026578211691230536,0.9989250302314758,8.473384514218196e-05,0.0007243144209496677
193,0,1,0.9997660517692566,0.00016237617819570005,2.5797855414566584e-05,4.580523818731308e-05
194,0,3,0.9999434947967529,3.507464498397894e-05,6.623952685913537e-06,1.4808826563239563e-05
195,1,0,6.351365300361067e-05,0.9999107122421265,7.146048574213637e-06,1.8616185116115957e-05
196,0,2,0.9998424053192139,5.129171040607616e-05,1.176108889922034e-05,9.446530020795763e-05
197,1,2,4.737574272439815e-05,0.99945467710495,2.9960798201500438e-05,0.00046805336023680866
198,2,3,0.00013859379396308213,0.0002388304565101862,0.9996188879013062,3.6186584111419506e-06
199,1,0,0.0005820001824758947,0.9992713332176208,6.85206077832845e-06,0.00013989493891131133
200,2,1,0.0005634609842672944,0.00023733805574011058,0.9986376166343689,0.0005615769186988473
201,1,2,0.003308684565126896,0.9582716226577759,3.62555256288033e-05,0.038383521139621735
202,0,3,0.9995829463005066,0.0003247890272177756,7.548212306573987e-05,1.689239616098348e-05
203,0,1,0.9998522996902466,0.00011651826207526028,1.8202930732513778e-05,1.2982389307580888e-05
204,2,2,4.4918444473296404e-05,3.730755270225927e-05,0.9999074935913086,1.0236160960630514e-05
205,2,1,3.824679151875898e-05,0.00010634489444782957,0.9998452663421631,1.0063075023936108e-05
206,2,3,0.00010382756590843201,4.946734043187462e-05,0.999842643737793,4.029845968034351e-06
207,0,1,0.9708635807037354,0.0025739578995853662,0.007413274608552456,0.019149191677570343
208,1,2,1.0456757991050836e-05,0.9999605417251587,1.747805617924314e-05,1.1523152352310717e-05
209,0,2,0.9998669624328613,3.0488226911984384e-05,1.2979212442587595e-05,8.949126640800387e-05
210,3,1,0.00286474428139627,0.056116849184036255,0.0003467850328888744,0.9406716823577881
211,0,1,0.9995170831680298,0.00030260905623435974,1.7394031601725146e-05,0.00016289573977701366
212,3,3,0.00020297618175391108,0.008839413523674011,0.00012261365191079676,0.9908349514007568
213,0,1,0.9998406171798706,6.805294833611697e-05,6.271125312196091e-05,2.8599042707355693e-05
214,0,3,0.9999616146087646,2.5863999326247722e-05,1.2171636853963719e-06,1.1272247320448514e-05
215,0,0,0.02679937705397606,0.004370283801108599,0.9629155397415161,0.0059148515574634075
216,0,2,0.9999639987945557,2.407443753327243e-05,7.458801519533154e-06,4.384267867862945e-06
217,1,3,0.0002937606768682599,0.9996917247772217,3.992722213297384e-06,1.0540098628553096e-05
218,0,1,0.999470055103302,0.00025510022533126175,0.00010673316864995286,0.00016815938579384238
219,0,2,0.9990307092666626,0.000950307585299015,5.02254806633573e-06,1.4029988960828632e-05
220,1,2,4.141738099860959e-05,0.9998534917831421,0.00010219246178166941,2.904733264585957e-06
221,3,3,0.0026692915707826614,0.0004985932027921081,0.00020028642029501498,0.9966318011283875
222,0,3,0.9996228218078613,0.000346553249983117,6.743230187566951e-06,2.3793192667653784e-05
223,1,1,7.1570641011931e-05,0.9999179840087891,3.852003828797024e-06,6.5939216256083455e-06
224,0,3,0.9948175549507141,3.992552956333384e-05,7.5382672548585106e-06,0.005134887993335724
225,2,0,1.0195392860623542e-05,8.775093192525674e-06,0.999976634979248,4.330781393946381e-06
226,1,0,0.00013625841529574245,0.9998176693916321,1.5610962691425811e-06,4.4621741835726425e-05
227,1,2,1.761536805133801e-05,0.9999593496322632,6.52621429253486e-06,1.648629768169485e-05
228,2,2,9.161741218122188e-06,6.191983175085625e-06,0.9999828338623047,1.8516024056225433e-06
229,0,3,0.9997636675834656,0.00022793030075263232,5.267135293252068e-06,3.1197548651107354e-06
230,2,3,4.249639459885657e-06,1.586120924912393e-05,0.9999740123748779,5.825154858030146e-06
231,1,2,4.6686014684382826e-05,0.9998903274536133,3.167102113366127e-05,3.1315510568674654e-05
232,2,0,2.1032325093983673e-05,1.2202971447550226e-05,0.999955415725708,1.1414593245717697e-05
233,1,0,0.0005901528056710958,0.9993909597396851,8.247719961218536e-06,1.054452786775073e-05
234,1,0,4.916951002087444e-05,0.9999063014984131,3.663123061414808e-05,7.870393346820492e-06
235,0,2,0.9999266862869263,5.795282777398825e-05,6.6441120907256845e-06,8.66886148287449e-06
236,0,1,0.9998729228973389,8.902166155166924e-05,1.358030112896813e-05,2.4433516955468804e-05
237,1,1,0.014170796610414982,0.028391985222697258,0.00019837151921819896,0.9572387933731079
238,1,1,0.00012125986540922895,0.9998461008071899,7.045299298624741e-06,2.5570818252163008e-05
239,0,3,0.9999289512634277,4.625258225132711e-05,1.2317334949329961e-05,1.2536028407339472e-05
240,3,2,0.45351919531822205,0.09108386188745499,0.00011455559433670714,0.45528239011764526
241,1,3,6.965427019167691e-05,0.9999146461486816,6.9545044425467495e-06,8.760986020206474e-06
242,1,1,0.00023908163711894304,0.9365394115447998,0.05963163077831268,0.003589772852137685
243,1,3,6.264519470278174e-05,0.9999091625213623,1.9265471564722247e-05,8.936441190598998e-06
244,0,0,0.9999676942825317,1.8371523765381426e-05,3.7240424717310816e-06,1.0239315088256262e-05
245,1,3,4.859890395891853e-05,0.9999294281005859,1.1423303476476576e-05,1.049896945914952e-05
246,1,1,0.00023615133250132203,0.9996761083602905,1.813416565710213e-05,6.96197894285433e-05
247,2,3,9.50317335082218e-05,0.4587491750717163,0.54114830493927,7.552729130111402e-06
248,1,0,4.9621492507867515e-05,0.9999375343322754,4.0617992453917395e-06,8.87070200406015e-06
249,1,2,0.9991983771324158,0.0007611028268001974,3.205275788786821e-05,8.476968105242122e-06
250,1,0,0.0001005791564239189,0.9998774528503418,1.0898565960815176e-05,1.1137201909150463e-05
251,0,2,0.9998217225074768,0.00016934254381339997,3.215033757442143e-06,5.762411092291586e-06
252,0,1,0.9995985627174377,0.00029468617867678404,7.371532410616055e-05,3.3065807656385005e-05
253,0,0,0.9954727292060852,0.004176144953817129,7.791796087985858e-05,0.0002730980049818754
254,1,1,1.7267275325139053e-05,0.9998447895050049,0.00010799429583130404,2.995091927004978e-05
255,1,3,0.00039261369965970516,0.9994779229164124,3.8795169530203566e-05,9.069807128980756e-05
256,0,1,0.9945226907730103,0.0018192670540884137,2.8079153707949445e-05,0.0036298902705311775
257,0,3,0.9990543723106384,0.0006024148897267878,7.327621278818697e-05,0.00026999248075298965
258,3,0,0.6617552638053894,0.2824617326259613,0.0016744497697800398,0.054108571261167526
259,3,1,0.017836472019553185,0.00048708560643717647,0.0003158000763505697,0.981360673904419
260,0,0,0.9317360520362854,0.0008604790200479329,1.333953423454659e-05,0.06739010661840439
261,1,3,5.188792056287639e-05,0.9999332427978516,3.4424385830789106e-06,1.1399295544833876e-05
262,1,2,0.00016637324006296694,0.9997662901878357,1.453427285014186e-05,5.278355092741549e-05
263,0,0,0.999836802482605,0.00015279938816092908,4.791596893483074e-06,5.6033545661193784e-06
264,1,1,0.0005649355589412153,0.9993870258331299,2.5738811018527485e-05,2.229946585430298e-05
265,0,0,0.9999393224716187,5.046683145337738e-05,5.197864538786234e-06,4.994544269720791e-06
266,1,1,0.005107369739562273,0.8250006437301636,0.0017524900613352656,0.1681395173072815
267,0,2,0.9999011754989624,5.744403097196482e-05,1.6592781321378425e-05,2.4792683689156547e-05
268,1,0,7.550225564045832e-05,0.9998829364776611,5.271899681247305e-06,3.628100603236817e-05
269,2,1,2.7388632588554174e-05,3.5833214496960863e-05,0.9999284744262695,8.320575034304056e-06
270,0,3,0.9946646690368652,0.0001847130770329386,0.0012692378368228674,0.003881423966959119
271,0,3,0.9980227947235107,5.643422628054395e-05,0.001907329075038433,1.3385243619268294e-05
272,0,0,0.0006609399570152164,0.998813271522522,1.0842152732948307e-05,0.0005149206845089793
273,0,3,0.9998854398727417,9.199979831464589e-05,1.6369087461498566e-05,6.240534276003018e-06
274,0,2,0.9987660646438599,0.00042689687688834965,3.175940946675837e-05,0.0007752306992188096
275,1,1,4.212052226648666e-05,0.999931812286377,6.921454314579023e-06,1.9242073904024437e-05
276,1,0,0.00036017585080116987,0.9994778037071228,4.21160302721546e-06,0.00015786285803187639
277,0,2,0.9999555349349976,1.781037099135574e-05,1.1241626452829223e-05,1.5470037396880798e-05
278,0,2,0.9999575614929199,1.742009408189915e-05,7.204398571047932e-06,1.7837417544797063e-05
279,1,0,5.431301542557776e-05,0.9999263286590576,1.000962765829172e-05,9.337307346868329e-06
280,0,1,0.9992965459823608,0.000605090637691319,2.219800080638379e-05,7.61803166824393e-05
281,1,1,1.60353029059479e-05,0.9999582767486572,6.211928393895505e-06,1.9459144823485985e-05
282,0,1,0.9801537990570068,0.00020253918773960322,0.00011268671369180083,0.019530992954969406
283,1,3,0.00010855682921828702,0.9998112320899963,7.113541505532339e-05,9.019451681524515e-06
284,1,1,4.47146812803112e-05,0.9998831748962402,4.951040682499297e-05,2.255568324471824e-05
285,0,0,0.9999028444290161,7.977852510521188e-05,1.1425188858993351e-05,5.933870852459222e-06
286,0,1,0.9996397495269775,0.0003075168642681092,3.706470306497067e-05,1.5712828826508485e-05
287,0,1,0.9996254444122314,0.00026054252521134913,6.002601730870083e-05,5.3937161283101887e-05
288,1,1,7.179175736382604e-05,0.9999014139175415,1.5840783817111515e-05,1.0990887858497445e-05
289,0,2,0.9997358918190002,1.8603932403493673e-05,4.676085154642351e-06,0.0002408732398180291
290,0,1,0.9999245405197144,3.791880590142682e-05,1.772131145116873e-05,1.9735380192287266e-05
291,1,1,0.01359478011727333,0.9861071109771729,1.5022411389509216e-05,0.0002830922312568873
292,1,2,0.00010498807387193665,0.9989079236984253,9.273213436244987e-06,0.0009778179228305817
293,2,1,2.332552867301274e-05,9.42015049076872e-06,0.9999465942382812,2.0668108845711686e-05
294,0,3,0.995586633682251,0.0005123660666868091,0.0037870837841182947,0.00011387794802431017
295,1,3,4.7982110118027776e-05,0.9999063014984131,4.090673246537335e-05,4.813598934561014e-06
296,3,2,0.3302231431007385,0.0011474131606519222,0.00023076131765265018,0.6683987379074097
297,0,1,0.9997599720954895,0.00013646706065628678,3.2596544770058244e-05,7.09074447513558e-05
298,3,0,0.00028484431095421314,0.9972959160804749,3.578778705559671e-05,0.0023835033643990755
299,0,3,0.9998118281364441,0.0001666564930928871,1.5876312318141572e-05,5.67157803743612e-06
300,1,0,0.9999043941497803,7.193666533567011e-05,1.3873845091438852e-05,9.880811376206111e-06
301,0,0,0.9999464750289917,3.439666761551052e-05,1.1489664757391438e-05,7.65851200412726e-06
302,1,1,0.00040749707841314375,0.9760736227035522,7.370305684162304e-05,0.02344517596065998
303,2,2,0.35541144013404846,0.13527561724185944,0.5088720917701721,0.000440884759882465
304,0,3,0.9999529123306274,2.653710362210404e-05,3.818750883510802e-06,1.667724791332148e-05
305,1,2,2.6642854209057987e-05,0.9999569654464722,7.910140084277373e-06,8.51291224535089e-06
306,1,1,0.0001115125633077696,0.9998220801353455,9.893395144899841e-06,5.648918522638269e-05
307,1,0,0.0019159872317686677,0.9980015158653259,9.850014976109378e-06,7.265844760695472e-05
308,0,1,0.9995239973068237,0.00023088017769623548,3.0218128813430667e-05,0.00021481439762283117
309,0,3,0.9999183416366577,7.043849473120645e-05,1.6389438997066463e-06,9.56782514549559e-06
310,0,3,0.9998846054077148,8.394639735342935e-05,2.5177580027957447e-05,6.341070729831699e-06
311,1,2,3.735730570042506e-05,0.9974802136421204,2.840095930878306e-06,0.0024795487988740206
312,0,0,0.9998037219047546,0.00010694111551856622,3.455490741544054e-06,8.589313802076504e-05
313,0,3,0.999948263168335,3.0042105208849534e-05,8.028991032915656e-06,1.3688469152839389e-05
314,0,0,0.9997960925102234,8.477918163407594e-05,0.00011198806896572933,7.085974630172132e-06
315,1,1,8.252898987848312e-05,0.9998884201049805,1.1316240488667972e-05,1.7713828128762543e-05
316,1,2,3.2456769986310974e-05,0.9968019723892212,2.2805143089499325e-06,0.0031632729806005955
317,0,2,0.9999414682388306,3.7569036066997796e-05,1.6392454199376516e-05,4.502424872043775e-06
318,0,0,0.9999451637268066,3.0788891308475286e-05,1.3709054655919317e-05,1.0285700227541383e-05
319,0,0,0.9999306201934814,5.466317816171795e-05,7.938996532175224e-06,6.698822744510835e-06
320,0,2,0.9999176263809204,1.2493003850977402e-05,4.9844315071823075e-05,2.000557833525818e-05
321,2,2,0.00010843797645065933,0.005721333436667919,0.9940357208251953,0.0001344874908681959
322,0,3,0.9999265670776367,4.213504507788457e-05,1.5950421584420837e-05,1.5278854334610514e-05
323,0,0,0.9910457730293274,0.004564225673675537,5.792649608338252e-05,0.004332095850259066
324,3,0,0.014259624294936657,0.0003545974032022059,0.0003059710725210607,0.9850797057151794
325,1,0,6.648296403000131e-05,0.9999072551727295,6.446315637731459e-06,1.9768360289162956e-05
326,2,2,1.1737095519492868e-05,4.127360170969041e-06,0.9999822378158569,2.005358510359656e-06
327,1,3,3.287143772467971e-05,0.9999552965164185,8.02650538389571e-06,3.784368800552329e-06
328,0,3,0.9999213218688965,5.8445046306587756e-05,1.0838974958460312e-05,9.424684321857058e-06
329,0,3,0.99811851978302,0.0018472792580723763,8.45343583932845e-06,2.5814333639573306e-05
330,1,2,7.104059477569535e-05,0.9999182224273682,2.458043127262499e-06,8.237516340159345e-06
331,0,2,0.9999200105667114,6.641897925874218e-05,3.199764705641428e-06,1.0340281733078882e-05
332,0,1,0.8801968693733215,0.005017245654016733,0.003383390139788389,0.11140251904726028
333,1,2,0.001605502562597394,0.8833407163619995,1.3308470443007536e-05,0.11504042893648148
334,1,3,0.03937710076570511,0.9344087839126587,0.0003815156815107912,0.02583262324333191
335,1,3,3.7501962651731446e-05,0.9999532699584961,4.86640419694595e-06,4.353464191808598e-06
336,0,3,0.9998817443847656,9.860053251031786e-05,9.029306056618225e-06,1.0624339665810112e-05
337,0,1,0.9998388290405273,9.406985191162676e-05,1.7662801838014275e-05,4.948895366396755e-05
338,0,3,0.9985988736152649,0.001362188602797687,6.039740014784911e-07,3.830147397820838e-05
339,1,2,6.96225615683943e-05,0.9998618364334106,5.75625199417118e-05,1.1018052646249998e-05
340,1,1,4.02563891839236e-05,0.9999459981918335,9.057709576154593e-06,4.655653356167022e-06
341,3,0,0.0003561413614079356,0.012458434328436852,2.3281378162209876e-05,0.987162172794342
342,0,2,2.033217424468603e-05,0.9998794794082642,6.225485412869602e-05,3.7934023566776887e-05
343,0,3,0.6627446413040161,0.017100922763347626,0.0026534644421190023,0.3175009489059448
344,1,0,3.51113521901425e-05,0.9999356269836426,1.1940054719161708e-05,1.732185592118185e-05
345,0,3,0.9883339405059814,0.01153772696852684,7.0420323936559726e-06,0.00012123150372644886
346,0,0,0.9997629523277283,0.00022235816868487746,1.0384092092863284e-05,4.3359555093047675e-06
347,1,1,1.7088428649003617e-05,0.9999465942382812,1.570828680996783e-05,2.0578228941303678e-05
348,1,2,0.0007843934581615031,0.999196469783783,1.4235953358365805e-06,1.7714521163725294e-05
349,2,2,8.622687892057002e-05,4.149054802837782e-06,0.9999041557312012,5.546121428778861e-06
350,0,2,0.9999028444290161,6.910822412464768e-05,5.495223831530893e-06,2.260779365315102e-05
351,0,1,0.9995288848876953,0.00025904327048920095,2.6035402697743848e-05,0.00018602999625727534
352,1,2,4.6063341869739816e-05,0.999910831451416,3.432548328419216e-05,8.798043381830212e-06
353,0,2,0.05817871913313866,0.938062846660614,0.002161341719329357,0.001597131136804819
354,0,2,0.9999580383300781,2.2158996216603555e-05,1.3635731193062384e-05,6.213983397174161e-06
355,3,2,0.0002698987955227494,9.826315363170579e-05,1.6053812942118384e-05,0.9996156692504883
356,0,0,0.9995507597923279,0.00043692588224075735,3.956274667871185e-06,8.304425136884674e-06
357,1,3,0.00035474947071634233,0.9995230436325073,1.5873285519774072e-05,0.00010635908984113485
358,3,2,0.002407402964308858,0.00029634969541803,0.0020593495573848486,0.995236873626709
359,0,3,0.9999455213546753,4.076801269548014e-05,3.306187636553659e-06,1.0314249266230036e-05
360,0,0,0.9999305009841919,4.381477629067376e-05,1.290176896873163e-05,1.2829341358155943e-05
361,0,1,0.9291414022445679,0.0692601203918457,0.0009145858930423856,0.0006839644047431648
362,1,0,0.00032850311254151165,0.9995731711387634,9.002747901831754e-06,8.931960474001244e-05
363,0,1,0.3825380206108093,0.14431490004062653,0.002873977180570364,0.47027307748794556
364,2,1,5.3145893616601825e-05,0.0004729062784463167,0.9917265176773071,0.007747360970824957
365,1,1,0.028158098459243774,0.8647558093070984,0.00021948025096207857,0.10686662048101425
366,3,3,0.0005938466638326645,0.6989070773124695,0.00011292094859527424,0.3003861606121063
367,0,1,0.9998264908790588,0.00012869197234977037,2.6628580599208362e-05,1.8292692402610555e-05
368,1,2,3.1741878046886995e-05,0.9999048709869385,8.78663831826998e-06,5.456962753669359e-05
369,0,0,0.9998186230659485,0.0001612541382201016,6.536082764796447e-06,1.3606500033347402e-05
370,0,2,0.7777760028839111,0.09070593863725662,0.1014227345585823,0.030095404013991356
371,1,0,8.602411253377795e-05,0.9998071789741516,1.1131714927614667e-05,9.568690438754857e-05
372,1,3,3.376523090992123e-05,0.9999481439590454,9.983581549022347e-06,8.108904694381636e-06
373,2,2,3.827124601230025e-05,2.6818754122359678e-05,0.9999246597290039,1.0252760148432571e-05
374,3,2,0.00012058496213285252,0.07056985795497894,7.279689725692151e-06,0.9293022751808167
375,1,0,0.0002671607362572104,0.9900525212287903,4.770850864588283e-06,0.009675607085227966
376,1,2,0.0005491613410413265,0.9991686344146729,1.0400131941423751e-05,0.00027180893812328577
377,0,2,0.9939991235733032,0.005856091156601906,8.710306428838521e-05,5.7676403230289e-05
378,1,1,1.5979810996213928e-05,0.9999573230743408,8.379559403692838e-06,1.830857763707172e-05
379,0,1,0.9996296167373657,0.0002293479337822646,3.300606113043614e-05,0.0001079797075362876
380,2,0,9.401491297467146e-06,1.719709689496085e-05,0.9998987913131714,7.463655492756516e-05
381,0,3,0.9999716281890869,1.041131963575026e-05,1.7161165715151583e-06,1.6338399291271344e-05
382,1,1,6.060372106730938e-05,0.9980066418647766,2.5000730602187105e-05,0.0019076938042417169
383,0,1,0.9965640902519226,0.0007547491695731878,0.00016367285570595413,0.0025175190530717373
384,0,1,0.9977076053619385,0.002251357538625598,2.6795503799803555e-05,1.4229477528715506e-05
385,0,2,0.9997835755348206,0.00017763013602234423,2.8490238037193194e-05,1.0340329936298076e-05
386,3,3,0.003802058519795537,0.5979838371276855,0.0004616735386662185,0.39775243401527405
387,1,0,8.02145223133266e-05,0.9998990297317505,5.210265953792259e-06,1.548001091578044e-05
388,0,1,0.9994052648544312,0.00023133429931476712,0.00023274302657227963,0.00013065504026599228
389,2,1,2.3390055503114127e-05,0.0009708800935186446,0.9988435506820679,0.000162195268785581
390,1,1,5.8715140767162666e-05,0.9990993738174438,5.150242941454053e-06,0.0008367861155420542
391,1,1,0.0005616258131340146,0.9992703795433044,1.5970766980899498e-05,0.0001520447840448469
392,0,0,0.9970921277999878,0.002891300478950143,2.410027263977099e-06,1.4184684005158488e-05
393,1,0,8.63707100506872e-05,0.999879002571106,3.6152669053990394e-06,3.097338412771933e-05
394,0,2,0.8963661789894104,0.0037454080302268267,7.68771642469801e-05,0.09981153905391693
395,0,3,0.9999368190765381,3.249785731895827e-05,6.550309990416281e-06,2.4112267055897973e-05
396,0,0,0.9984740614891052,0.0013475761516019702,1.6767240595072508e-05,0.000161599280545488
397,0,1,0.9986435770988464,0.0009711934835650027,3.378417022759095e-05,0.00035142782144248486
398,3,1,0.19138266146183014,0.004499304108321667,0.002986724954098463,0.8011313080787659
399,0,0,0.9999493360519409,4.125904160900973e-05,6.599237167392857e-06,2.8942849894519895e-06
400,1,2,4.9238980864174664e-05,0.9999171495437622,1.6797399439383298e-05,1.6827496438054368e-05
401,2,0,1.9476858142297715e-05,1.1983471267740242e-05,0.9999650716781616,3.459424988250248e-06
402,2,3,9.308025255450048e-06,2.8427442885003984e-05,0.9999535083770752,8.770832209847867e-06
403,1,0,7.760408334434032e-05,0.9997974038124084,3.967512384406291e-05,8.537661778973415e-05
404,2,0,6.9730645918753e-05,1.788581721484661e-05,0.9999110698699951,1.2870407317677746e-06
405,1,0,0.9999408721923828,3.4939606848638505e-05,4.643626198230777e-06,1.9517034161253832e-05
406,1,0,0.00019755357061512768,0.9996131062507629,3.437005580053665e-05,0.00015499132859986275
407,0,2,0.9995064735412598,0.00043873724644072354,6.7792680056300014e-06,4.798232112079859e-05
408,0,2,0.9997816681861877,7.871990965213627e-05,1.0178931006521452e-05,0.0001295298570767045
409,1,1,8.544039155822247e-05,0.9997724890708923,7.325548358494416e-05,6.872468657093123e-05
410,0,2,0.9999346733093262,5.144144961377606e-05,1.0100435247295536e-05,3.749545385289821e-06
411,3,2,3.524653220665641e-05,0.0010459718760102987,2.585341007943498e-06,0.9989161491394043
412,2,2,8.597095074946992e-06,1.5342012602559407e-06,0.9999886751174927,1.2018357438137173e-06
413,1,1,2.0359946574899368e-05,0.9998531341552734,1.6245825463556685e-05,0.00011028969311155379
414,3,2,0.9998703002929688,2.7976355340797454e-05,7.422312137350673e-06,9.432048682356253e-05
415,1,0,9.16166027309373e-05,0.9994463324546814,2.799611320369877e-05,0.00043402600567787886
416,3,3,0.0038037949707359076,0.00023488122678827494,0.0004028266412205994,0.995558500289917
417,0,2,0.9984561204910278,0.0015206780517473817,6.55577287034248e-06,1.6618065274087712e-05
418,1,0,0.0001758839061949402,0.9997536540031433,3.49556103174109e-06,6.701812526443973e-05
419,2,1,0.0006551849655807018,0.0020643461029976606,0.9972444772720337,3.608471160987392e-05
420,1,3,0.00042622219189070165,0.9983236193656921,1.6494559531565756e-05,0.0012336887884885073
421,2,2,4.8361322114942595e-05,1.7664893675828353e-05,0.9999258518218994,8.067702765401918e-06
422,2,3,2.838985346897971e-05,1.506451462773839e-05,0.9998282194137573,0.00012834154767915606
423,0,1,0.9998948574066162,6.072359610698186e-05,1.361122394882841e-05,3.081421891693026e-05
424,2,3,5.1537608669605106e-05,6.697612207062775e-06,0.9999234676361084,1.8375618310528807e-05
425,1,2,1.7770456906873733e-05,0.999923586845398,4.11549945056322e-06,5.452757977764122e-05
426,1,3,3.429588832659647e-05,0.9999351501464844,2.032334123214241e-05,1.0252612810290884e-05
427,2,1,0.00022183982946444303,0.0001445769885322079,0.9996045231819153,2.9027320124441758e-05
428,0,1,0.9989859461784363,0.0001906717079691589,3.592119173845276e-05,0.000787454133387655
