id,label,fold,label_0,label_1,label_2,label_3
0,1,1,0.021606797352433205,0.978192150592804,0.000116147224616725,8.483690908178687e-05
1,1,0,0.0005810512229800224,0.9989219903945923,8.470037573715672e-05,0.00041225989116355777
2,0,3,0.9996224641799927,0.00025044826907105744,3.1827476050239056e-05,9.52155896811746e-05
3,3,1,0.010997777804732323,0.0037492369301617146,0.00017979000404011458,0.9850732684135437
4,0,1,0.9986095428466797,0.001025364501401782,0.00010105773253599182,0.0002640162128955126
5,0,3,0.9996435642242432,0.00030197674641385674,2.25124185817549e-05,3.1881339964456856e-05
6,1,1,0.00020211235096212476,0.9996751546859741,3.950483733206056e-05,8.328082913067192e-05
7,1,1,0.0011886523570865393,0.9985402822494507,0.0001156768121290952,0.00015536237333435565
8,0,1,0.9991036057472229,0.0006666273111477494,7.65867589507252e-05,0.00015313064795918763
9,2,1,0.00018925107724498957,0.0002584617759566754,0.9994893074035645,6.301956454990432e-05
10,2,0,0.00026030949084088206,0.00033086352050304413,0.9993754029273987,3.3444754080846906e-05
11,0,0,0.9996490478515625,0.00026658803108148277,9.199818123306613e-06,7.51520274206996e-05
12,0,3,0.9997451901435852,0.00019440948381088674,3.18155980494339e-05,2.856409628293477e-05
13,0,2,0.9979541301727295,0.001837575575336814,5.382711242418736e-05,0.00015453592641279101
14,1,3,2.5160405130009167e-05,0.9999327659606934,2.807815144478809e-05,1.3900951671530493e-05
15,1,2,0.00012324642739258707,0.9998425245285034,1.9639121092041023e-05,1.4556218957295641e-05
16,2,3,7.151838508434594e-05,0.00011814012395916507,0.9997854828834534,2.4878650947357528e-05
17,0,1,0.9410749077796936,0.05817908048629761,0.0001948418648680672,0.0005511973286047578
18,0,0,0.9996547698974609,0.0002287761017214507,1.5026663277240004e-05,0.00010142588143935427
19,1,2,0.00014652678510174155,0.9995508790016174,3.944451600546017e-05,0.00026314822025597095
20,0,0,0.9964842796325684,0.00236168853007257,5.177620187168941e-05,0.0011022755643352866
21,0,0,0.9996392726898193,0.0003133433929178864,6.884609319968149e-06,4.0443919715471566e-05
22,0,1,0.9989736080169678,0.0004893483710475266,0.0003118966706097126,0.0002251983678434044
23,1,2,0.0003504257183521986,0.9993712306022644,3.632719744928181e-05,0.0002420505043119192
24,1,3,2.2155789338285103e-05,0.9999668598175049,1.0176224350288976e-05,8.475857384837582e-07
25,0,3,0.9996961355209351,0.00024376124201808125,4.3916057620663196e-05,1.619607792235911e-05
26,0,3,0.9995573163032532,0.00031649894663132727,5.7048455346375704e-05,6.907420902280137e-05
27,0,2,0.9993461966514587,0.00037512954440899193,3.776547600864433e-05,0.00024092703824862838
28,1,2,0.00047782596084289253,0.9983968138694763,4.7688950871815905e-05,0.0010776952840387821
29,1,0,0.00046453019604086876,0.9989998936653137,4.002492278232239e-05,0.0004955595941282809
30,0,0,0.9991387128829956,0.000521784124430269,1.8481130609870888e-05,0.00032106999424286187
31,2,2,0.0004986851708963513,0.0004936771583743393,0.9989296793937683,7.794412522343919e-05
32,0,1,0.9988603591918945,0.0007380634197033942,0.00021179737814236432,0.00018981231551151723
33,0,3,0.9995359182357788,0.0003804891894105822,4.529753277893178e-05,3.83911574317608e-05
34,0,2,0.9996634721755981,0.0002766071993391961,2.9632057703565806e-05,3.0307839551824145e-05
35,0,1,0.9986565113067627,0.00081217335537076,0.0001931951119331643,0.00033803688711486757
36,0,1,0.9943180680274963,0.0011273166164755821,0.0014193643582984805,0.0031352404039353132
37,0,3,0.9994246959686279,0.0004968425491824746,3.8818936445750296e-05,3.9707301766611636e-05
38,1,1,0.29635223746299744,0.6778625845909119,0.0003773818025365472,0.025407807901501656
39,1,3,8.82815511431545e-05,0.998163640499115,6.661255611106753e-05,0.0016814174596220255
40,1,2,0.0001855740265455097,0.999548614025116,2.7285303076496348e-05,0.00023851776495575905
41,0,3,0.9997395873069763,0.00019947222608607262,3.946423385059461e-05,2.1467219994519837e-05
42,0,0,0.9876281023025513,0.0011727551463991404,0.00015573055134154856,0.011043328791856766
43,0,3,0.9993927478790283,0.0005100566777400672,4.6539986215066165e-05,5.05604621139355e-05
44,2,3,0.00010492814908502623,0.00024141058383975178,0.9996010661125183,5.260086982161738e-05
45,2,0,0.00036598125007003546,0.00033286510733887553,0.9992784857749939,2.2720034394296817e-05
46,0,0,0.9996196031570435,0.0002600886800792068,2.8778527848771773e-05,9.139841858996078e-05
47,0,1,0.9985191226005554,0.0012552652042359114,0.00010137086064787582,0.0001242394937435165
48,0,2,0.9979458451271057,0.001319262315519154,7.957204798003659e-05,0.000655320065561682
49,1,1,0.00048362978850491345,0.9971555471420288,9.562718332745135e-05,0.0022651429753750563
50,1,1,0.0003314764762762934,0.9995495676994324,5.571805377257988e-05,6.328915333142504e-05
51,0,3,0.9995847344398499,0.00029502742108888924,6.576676241820678e-05,5.450270327855833e-05
52,1,2,0.000724378798622638,0.0027766874991357327,5.3704170568380505e-05,0.9964452385902405
53,0,2,0.9990296363830566,0.00038232014048844576,5.3955976909492165e-05,0.0005341061623767018
54,0,2,0.1332477629184723,0.8325420022010803,0.00026793760480359197,0.033942241221666336
55,1,0,0.0006207951228134334,0.9909300208091736,6.367841706378385e-05,0.008385518565773964
56,3,2,0.006603599991649389,0.000818954489659518,0.00015426990285050124,0.9924231767654419
57,1,2,9.33839546632953e-05,0.9998410940170288,3.882533565047197e-05,2.6665542463888414e-05
58,0,2,0.9992833733558655,0.0006195499445311725,2.717127608775627e-05,6.995274452492595e-05
59,0,1,0.9967431426048279,0.0030364058911800385,0.0001314772671321407,8.900218381313607e-05
60,1,3,0.00020842600497417152,0.9996623992919922,2.152150045731105e-05,0.00010763727186713368
61,0,3,0.999321699142456,0.0003488617076072842,3.802475112024695e-05,0.00029142649145796895
62,3,1,0.014865485019981861,0.6118960976600647,0.0005084529402665794,0.37272998690605164
63,0,3,0.9995562434196472,0.00032194479717873037,4.467232065508142e-05,7.70977494539693e-05
64,1,0,0.0038581639528274536,0.9942325949668884,0.00021453008230309933,0.0016947161639109254
65,1,2,0.0057860249653458595,0.993386447429657,0.00010595316416583955,0.0007215088116936386
66,1,3,9.952941036317497e-05,0.998656153678894,7.273696974152699e-05,0.001171582262031734
67,0,2,0.9994568228721619,0.0004109810688532889,3.840467252302915e-05,9.383494762005284e-05
68,0,2,0.9995792508125305,0.00036322654341347516,2.1334004486561753e-05,3.616812318796292e-05
69,0,1,0.9977210164070129,0.001838122378103435,0.0001579865493113175,0.0002829449949786067
70,1,1,0.0004798899753950536,0.9991432428359985,0.0002342313528060913,0.00014258877490647137
71,1,0,0.0006086096982471645,0.9992061257362366,7.800920138834044e-05,0.00010731269139796495
72,1,1,0.01826711744070053,0.9810669422149658,0.00028701600967906415,0.0003789745969697833
73,2,0,0.00026004863320849836,0.0003313551424071193,0.9993752837181091,3.333978747832589e-05
74,1,2,0.00034539701300673187,0.9469878673553467,0.00014459475642070174,0.05252223089337349
75,2,1,0.0001703137531876564,0.0002662614861037582,0.9994705319404602,9.29166199057363e-05
76,2,0,0.008973993360996246,0.002699421951547265,0.9877942800521851,0.000532245438080281
77,0,0,0.9992830157279968,0.0005821421509608626,3.538661258062348e-05,9.950074309017509e-05
78,0,2,0.9159268736839294,0.0187788475304842,9.919703006744385e-05,0.06519506126642227
79,0,1,0.9995244741439819,0.0003767024609260261,4.2038846004288644e-05,5.680141839548014e-05
80,1,2,0.00026914128102362156,0.9995279312133789,1.6015354049159214e-05,0.0001869199040811509
81,3,1,0.9966680407524109,0.00046150549314916134,9.179204062093049e-05,0.0027786330319941044
82,1,0,0.9986284971237183,0.0006635780446231365,5.71866003156174e-05,0.0006507984944619238
83,1,1,0.0008652111864648759,0.9989701509475708,7.123416435206309e-05,9.335832146462053e-05
84,1,0,0.000378709431970492,0.9995075464248657,5.3286730690160766e-05,6.0413916799006984e-05
85,0,0,0.9998186230659485,0.00014111767814029008,1.6706922906450927e-05,2.3614209567313083e-05
86,1,3,1.3045533705735579e-05,0.999958872795105,1.3031445632805116e-05,1.4986404494266026e-05
87,1,1,0.0007524671382270753,0.9989264607429504,2.9977623853483237e-05,0.00029101746622473
88,0,1,0.9985184073448181,0.0011169802164658904,0.0001611727348063141,0.00020341835625004023
89,0,0,0.9994239807128906,0.0003490772796794772,1.2338724445726257e-05,0.0002145545877283439
90,1,0,0.00019489704573061317,0.9997522234916687,3.413684316910803e-05,1.873172732302919e-05
91,0,0,0.9998098015785217,0.00013767063501290977,1.103984050132567e-05,4.152511974098161e-05
92,1,0,0.00034403122845105827,0.9995604157447815,6.323017441900447e-05,3.229398134863004e-05
93,0,2,0.9981972575187683,0.0015166758093982935,5.629126098938286e-05,0.00022982092923484743
94,1,2,0.0001584913261467591,0.9997754693031311,3.707535506691784e-05,2.8935153750353493e-05
95,3,3,0.0007897226605564356,0.013517851009964943,0.0001685851311776787,0.9855237603187561
96,1,1,0.004069494549185038,0.9933835864067078,0.00011813867604359984,0.0024287584237754345
97,1,1,0.00035811099223792553,0.9995551705360413,5.304932710714638e-05,3.357798050274141e-05
98,0,1,0.9811263680458069,0.018117913976311684,0.0003003976307809353,0.00045537951518781483
99,1,3,1.8667809854377992e-05,0.9999152421951294,5.6557200878160074e-05,9.478266292717308e-06
100,1,0,0.0006272185710258782,0.9990359544754028,8.020346285775304e-05,0.0002566520415712148
101,0,3,0.9996521472930908,0.0003029387444257736,3.64937586709857e-05,8.411874659941532e-06
102,0,2,0.9968441724777222,0.0023080266546458006,6.26207547611557e-05,0.0007851459668017924
103,1,1,0.0006364087457768619,0.9875262379646301,5.56282393517904e-05,0.011781643144786358
104,1,2,9.72277412074618e-05,0.9998753070831299,1.3630702596856281e-05,1.3813806617690716e-05
105,1,2,9.491656965110451e-05,0.9998921155929565,6.3823922573647e-06,6.557792403327767e-06
106,0,3,0.9947063326835632,0.004899051506072283,0.00017779901099856943,0.0002169023355236277
107,3,1,0.0010879102628678083,0.0597040094435215,6.62911479594186e-05,0.9391418099403381
108,1,1,0.0008889905293472111,0.9986881613731384,0.00011263675696682185,0.000310222472762689
109,2,2,0.0007002089987508953,0.0006571625708602369,0.9985646605491638,7.795831334078684e-05
110,0,0,0.99972003698349,0.00022988897399045527,1.3573109754361212e-05,3.642492083599791e-05
111,1,0,0.0007640504045411944,0.9991632699966431,3.01503805530956e-05,4.255532257957384e-05
112,1,2,0.00011155082756886259,0.9997732043266296,2.2693378923577257e-05,9.2614624009002e-05
113,0,2,0.9975546002388,0.0009329061140306294,9.751600737217814e-05,0.0014150227652862668
114,0,1,0.9970623850822449,0.0026529058814048767,8.250428800238296e-05,0.00020224554464221
115,1,2,0.9654321670532227,0.03433017060160637,8.463922858936712e-05,0.00015307735884562135
116,0,1,0.8848743438720703,0.020364301279187202,0.03309354558587074,0.06166774034500122
117,1,2,8.659279410494491e-05,0.9998759031295776,2.2190184608916752e-05,1.5264653484337032e-05
118,2,0,0.020108770579099655,0.008998263627290726,0.9522914886474609,0.01860150136053562
119,2,2,0.000770890386775136,0.0005862466641701758,0.9985705614089966,7.22834884072654e-05
120,1,1,0.0004590263415593654,0.9992338418960571,0.00012436161341611296,0.00018274500325787812
121,1,1,0.00028867251239717007,0.9996122717857361,4.0247905417345464e-05,5.8867426560027525e-05
122,0,3,0.9992565512657166,0.0005957141984254122,7.273296068888158e-05,7.496250327676535e-05
123,0,1,0.9975672960281372,0.00037814013194292784,0.00015415431698784232,0.0019004825735464692
124,3,2,0.0027914545498788357,0.0033668172545731068,0.0003525282663758844,0.9934892654418945
125,0,0,0.9996975660324097,0.00023518457601312548,1.7824700989876874e-05,4.939614518661983e-05
126,1,0,0.0021726833656430244,0.0760234147310257,0.00022861926117911935,0.9215751886367798
127,1,1,0.00047996421926654875,0.999337375164032,9.557182784192264e-05,8.707153028808534e-05
128,0,1,0.9487164616584778,0.046347666531801224,0.0003048643411602825,0.004630968905985355
129,0,2,0.9987252354621887,0.0010992181487381458,0.00013061358185950667,4.4938005885342136e-05
130,3,3,0.00164145661983639,0.34980669617652893,0.0006351875490508974,0.6479166746139526
131,0,1,0.9993305206298828,0.00022966336109675467,9.465026232646778e-05,0.0003451874654274434
132,0,1,0.7402351498603821,0.25747761130332947,0.000727536273188889,0.0015597116434946656
133,0,0,0.9998620748519897,0.0001141342509072274,5.765342848462751e-06,1.8099713997798972e-05
134,0,1,0.9964534044265747,0.003259694203734398,9.795995720196515e-05,0.0001888798433355987
135,0,1,0.9988149404525757,0.0008800805662758648,0.00015534908743575215,0.0001496604090789333
136,1,3,0.0017007393762469292,0.0018234284361824393,0.0007320357253775001,0.9957438111305237
137,1,3,0.0017569573828950524,0.009914647787809372,0.0003271362802479416,0.98800128698349
138,2,3,9.390831110067666e-05,0.0002487417368683964,0.9996373653411865,1.992201760003809e-05
139,3,1,0.9963478446006775,0.0005768354167230427,0.00014939543325453997,0.002925930544734001
140,1,1,0.9050199389457703,0.09349514544010162,0.0006020966684445739,0.0008827606216073036
141,3,1,0.002817627042531967,0.8180322051048279,0.0006314108031801879,0.1785186529159546
142,1,3,0.00021816851221956313,0.9996860027313232,3.8279526052065194e-05,5.760626299888827e-05
143,0,3,0.9997896552085876,0.00014281021140050143,4.918633203487843e-05,1.8300444935448468e-05
144,0,3,0.9996262788772583,0.0002713896392378956,4.977693242835812e-05,5.2484643674688414e-05
145,1,0,0.0003353313950356096,0.9924716949462891,2.7223690267419443e-05,0.007165807764977217
146,1,2,0.0001350118254777044,0.9998107552528381,3.247767745051533e-05,2.1827510863658972e-05
147,3,2,0.005111955106258392,0.05280694365501404,0.00030184618663042784,0.9417791962623596
148,3,0,0.0035621884744614363,0.006743154488503933,0.00040197238558903337,0.9892926216125488
149,1,1,0.0017100281547755003,0.8268352150917053,0.00021420573466457427,0.17124055325984955
150,0,2,0.9979076385498047,0.0016371449455618858,5.758522456744686e-05,0.0003976869920734316
151,0,1,0.8536288142204285,0.0027144388295710087,0.0031534607987850904,0.14050328731536865
152,1,1,0.00046550636761821806,0.9989385008811951,6.83741454849951e-05,0.0005276364972814918
153,0,2,0.999578058719635,0.00033133800025098026,3.2880761864362285e-05,5.77174432692118e-05
154,1,0,0.0004963321844115853,0.01939481310546398,3.129031028947793e-05,0.9800775051116943
155,0,2,0.9995473027229309,0.0003944530035369098,2.8859170924988575e-05,2.9405782697722316e-05
156,1,3,0.00019639285164885223,0.999743640422821,3.47602108377032e-05,2.5158427888527513e-05
157,3,1,0.9904515743255615,0.0007975874468684196,0.0001304774050367996,0.008620359003543854
158,0,0,0.9990819692611694,0.0007718639099039137,4.197561429464258e-05,0.0001042584772221744
159,0,3,0.9992129802703857,0.000704379694070667,4.292940502637066e-05,3.978815220762044e-05
160,3,1,0.02170473523437977,0.17340847849845886,0.00036116369301453233,0.8045256733894348
161,0,0,0.999747097492218,0.0002248832315672189,5.626240181300091e-06,2.235449937870726e-05
162,0,2,0.9571813344955444,0.0008030860335566103,0.030001478269696236,0.01201409287750721
163,0,1,0.9986054301261902,0.0011653498513624072,0.00010515144094824791,0.00012408893962856382
164,0,1,0.9988698363304138,0.0008122055442072451,0.00013824146299157292,0.00017972233763430268
165,1,2,0.00031207737629301846,0.9995361566543579,8.78486898727715e-05,6.40248617855832e-05
166,1,2,0.00018387549789622426,0.9997778534889221,2.083327308355365e-05,1.7390058928867802e-05
167,0,1,0.9977127313613892,0.00046756077790632844,0.00013917451724410057,0.0016805112827569246
168,1,3,2.440061689412687e-05,0.9999369382858276,3.0236324164434336e-05,8.466148756269831e-06
169,0,2,0.9973130822181702,0.001814917428418994,0.00022165935661178082,0.0006503260228782892
170,0,1,0.9960566759109497,0.003457390470430255,0.0004057048645336181,8.020647510420531e-05
171,2,3,4.07481929869391e-05,0.00012366475129965693,0.999813973903656,2.159848008886911e-05
172,0,0,0.9997648596763611,0.00016429364040959626,1.1923247257072944e-05,5.8984209317713976e-05
173,3,2,0.000635012867860496,0.9223910570144653,0.0002023645065492019,0.07677161693572998
174,0,0,0.999670147895813,0.00017807181575335562,1.53897035488626e-05,0.00013645130093209445
175,0,0,0.9995833039283752,0.00031975863385014236,1.976851672225166e-05,7.720961730228737e-05
176,0,1,0.9955798983573914,0.0032000637147575617,0.00023394711024593562,0.0009861523285508156
177,0,0,0.9990195035934448,0.0005456468788906932,3.7039619201095775e-05,0.000397847150452435
178,0,1,0.9977082014083862,0.001871482701972127,0.00010607378499116749,0.00031421822495758533
179,0,2,0.9997026324272156,0.00019538684864528477,4.194313441985287e-05,5.994620732963085e-05
180,0,3,0.9841933846473694,0.0008697896846570075,0.00011961256677750498,0.01481722667813301
181,1,1,5.989375858916901e-05,0.9994235038757324,0.00012106477515771985,0.0003955294087063521
182,0,2,0.9989725351333618,0.0008895655628293753,2.7325208066031337e-05,0.00011068293679272756
183,1,2,7.280190766323358e-05,0.9998986721038818,1.4521912817144766e-05,1.3933366972196382e-05
184,1,3,1.5253199308062904e-05,0.9999607801437378,1.697795232757926e-05,7.043305231491104e-06
185,0,3,0.9992688298225403,0.0005531205097213387,9.624777885619551e-05,8.17842737887986e-05
186,0,3,0.9994290471076965,0.0002497187233529985,0.00014390033902600408,0.0001772986288415268
187,0,0,0.9989238381385803,0.0008164116297848523,2.1693585949833505e-05,0.00023799434711690992
188,1,2,0.00015884815366007388,0.9997965693473816,2.7464344384497963e-05,1.712714038148988e-05
189,0,2,0.9992965459823608,0.0005339524359442294,7.233638461912051e-05,9.712726023280993e-05
190,0,2,0.9930731654167175,0.00428518932312727,5.6517044868087396e-05,0.0025852080434560776
191,0,1,0.9930700659751892,0.00359407439827919,0.00031258066883310676,0.0030233163852244616
192,1,3,9.689474245533347e-05,0.9998120665550232,3.366604141774587e-05,5.749469710281119e-05
193,0,1,0.999206006526947,0.0006018505082465708,9.851228242041543e-05,9.365585719933733e-05
194,0,3,0.999549925327301,0.0002979057317133993,5.544534724322148e-05,9.67154701356776e-05
195,1,0,0.0002616393903736025,0.9996722936630249,4.755373811349273e-05,1.8453511074767448e-05
196,0,2,0.9985533356666565,0.00041167918243445456,6.146618397906423e-05,0.0009735640487633646
197,1,2,0.00019089672423433512,0.9991410970687866,7.462254143320024e-05,0.0005933896172791719
198,2,3,0.00017435825429856777,0.0001529709406895563,0.9996533393859863,1.934795182023663e-05
199,1,0,0.0023922037798911333,0.9971101880073547,0.00027900951681658626,0.0002186187484767288
200,2,1,0.014213928952813148,0.0009260853403247893,0.9844058752059937,0.0004540426598396152
201,1,2,0.002642098581418395,0.9213510155677795,0.0011544591980054975,0.07485253363847733
202,0,3,0.9991748929023743,0.0004666062304750085,0.0001963017275556922,0.00016216738731600344
203,0,1,0.9991796612739563,0.0006355540244840086,7.14440320734866e-05,0.00011335541785228997
204,2,2,0.0004126465355511755,0.00031705174478702247,0.9992235898971558,4.677503966377117e-05
205,2,1,0.0003381704445928335,0.000786067743320018,0.9988067150115967,6.904306792421266e-05
206,2,3,0.00033677436294965446,0.0008196684066206217,0.9984563589096069,0.000387296371627599
207,0,1,0.8248388767242432,0.004034745506942272,0.0075709945522248745,0.16355536878108978
208,1,2,0.0002556214458309114,0.9996029734611511,0.00011065311991842464,3.0792944016866386e-05
209,0,2,0.9987980127334595,0.0007030263659544289,5.6868448155000806e-05,0.0004420153272803873
210,3,1,0.0016964595997706056,0.02449922263622284,0.00013883797510061413,0.9736654758453369
211,0,1,0.9986699819564819,0.0008271395927295089,4.598143641487695e-05,0.00045691660488955677
212,3,3,0.002862375695258379,0.22316892445087433,0.0012631212593987584,0.7727055549621582
213,0,1,0.9986868500709534,0.0009477512794546783,0.00013665070582646877,0.00022868780069984496
214,0,3,0.9997132420539856,0.00022873756824992597,2.4089826183626428e-05,3.388635013834573e-05
215,0,0,0.6089338660240173,0.2147313505411148,0.13217568397521973,0.04415912926197052
216,0,2,0.9992353916168213,0.0005105025484226644,7.628287858096883e-05,0.0001778267469489947
217,1,3,0.00021726336854044348,0.9994254112243652,4.7099776566028595e-05,0.00031021502218209207
218,0,1,0.9975505471229553,0.0012936948332935572,0.0003195956815034151,0.000836081919260323
219,0,2,0.9993842840194702,0.00022559195349458605,2.9994536816957407e-05,0.0003600796917453408
220,1,2,0.017288578674197197,0.9813085198402405,0.0012387977913022041,0.00016410079842898995
221,3,3,0.002463817596435547,0.0011556792305782437,0.00018770359747577459,0.9961926937103271
222,0,3,0.9798986911773682,0.019817287102341652,2.1156474758754484e-05,0.00026289725792594254
223,1,1,0.00048390834126621485,0.9993531107902527,8.495272777508944e-05,7.798757724231109e-05
224,0,3,0.9991401433944702,0.000567181792575866,5.523656727746129e-05,0.0002374253235757351
225,2,0,0.0005696626612916589,0.000377514457795769,0.9989991784095764,5.3724823374068365e-05
226,1,0,0.0008355716709047556,0.9985594153404236,7.627534068888053e-05,0.0005287126405164599
227,1,2,9.774116915650666e-05,0.9998730421066284,1.0321323316020425e-05,1.8876906324294396e-05
228,2,2,0.0014304443029686809,0.001042663585394621,0.9972981810569763,0.00022872923000250012
229,0,3,0.9998065829277039,0.00016288184269797057,2.2494303266284987e-05,8.009568773559295e-06
230,2,3,4.075995821040124e-05,0.00011697357695084065,0.9998194575309753,2.2817192075308412e-05
231,1,2,9.438081906409934e-05,0.99979168176651,9.514555131318048e-05,1.8814895156538114e-05
232,2,0,0.0021772258915007114,0.0015254175523295999,0.9959059953689575,0.000391367357224226
233,1,0,0.010304936207830906,0.989568293094635,6.647677219007164e-05,6.033754470990971e-05
234,1,0,0.0006436048424802721,0.9992251396179199,5.124596646055579e-05,8.008832082850859e-05
235,0,2,0.9991550445556641,0.0006478698924183846,3.511028262437321e-05,0.00016196168144233525
236,0,1,0.9986968636512756,0.000821740657556802,0.00015861866995692253,0.000322819163557142
237,1,1,0.0015860529383644462,0.02670164965093136,0.00011017087672371417,0.9716021418571472
238,1,1,0.0009333599009551108,0.9989159107208252,6.348610622808337e-05,8.733520371606573e-05
239,0,3,0.9995852112770081,0.0003220554790459573,5.620575393550098e-05,3.650192957138643e-05
240,3,2,0.2798851430416107,0.28870853781700134,0.00018960835586767644,0.4312167167663574
241,1,3,3.2749718229752034e-05,0.999909520149231,4.614717181539163e-05,1.1611409718170762e-05
242,1,1,0.00043946653022430837,0.9994480013847351,4.206667290418409e-05,7.036536408122629e-05
243,1,3,8.540125418221578e-05,0.9997997879981995,4.976444324711338e-05,6.502259930130094e-05
244,0,0,0.999526858329773,0.00020545406732708216,3.766370355151594e-05,0.00023004892864264548
245,1,3,2.757400034170132e-05,0.999923586845398,3.422315057832748e-05,1.4607421690016054e-05
246,1,1,0.0005941473064012825,0.9990230798721313,0.00010699629638111219,0.0002758530026767403
247,2,3,0.0005596491973847151,0.4565833806991577,0.5427064299583435,0.00015061192971188575
248,1,0,0.0005585576291196048,0.9989330172538757,0.00012652853911276907,0.00038192569627426565
249,1,2,0.9822193384170532,0.017660651355981827,3.0439923648373224e-05,8.954943041317165e-05
250,1,0,0.00031975636375136673,0.999568521976471,6.005071190884337e-05,5.1672395784407854e-05
251,0,2,0.9981672763824463,0.0017207828350365162,2.034239332715515e-05,9.151698759524152e-05
252,0,1,0.9991499185562134,0.0005398927023634315,0.00015298229118343443,0.00015729074948467314
253,0,0,0.999765932559967,0.00011788459232775494,1.3367650353757199e-05,0.00010283675510436296
254,1,1,0.0003201616054866463,0.9994495511054993,9.203522495226935e-05,0.00013815569400321692
255,1,3,0.0005105389864183962,0.9918889403343201,0.00020569942716974765,0.0073948875069618225
256,0,1,0.9981703758239746,0.0010824716882780194,4.6636567276436836e-05,0.0007004965445958078
257,0,3,0.9994887113571167,0.000443988450570032,2.9428239940898493e-05,3.790672417380847e-05
258,3,0,0.013345792889595032,0.009519609622657299,9.745894931256771e-05,0.9770370721817017
259,3,1,0.9972981810569763,0.0014165490865707397,4.817965964321047e-05,0.0012371826451271772
260,0,0,0.27532899379730225,0.0035451785661280155,0.00021585663489531726,0.7209099531173706
261,1,3,1.5170466213021427e-05,0.9999521970748901,2.633461554069072e-05,6.263107934501022e-06
262,1,2,7.676188397454098e-05,0.9998747110366821,2.5655943318270147e-05,2.2941781935514882e-05
263,0,0,0.998516857624054,0.001358268316835165,3.9879789255792275e-05,8.501685806550086e-05
264,1,1,0.000692873087245971,0.9990874528884888,0.00012968519877176732,9.004455932881683e-05
265,0,0,0.9996445178985596,0.00024751535966061056,3.0107998099992983e-05,7.779352745274082e-05
266,1,1,0.002544317627325654,0.862977147102356,0.00042309111449867487,0.13405545055866241
267,0,2,0.9986514449119568,0.0003463784814812243,5.302249701344408e-05,0.0009492843528278172
268,1,0,0.00020847035921178758,0.9996873140335083,3.106997610302642e-05,7.311942317755893e-05
269,2,1,0.00017752894200384617,0.00028548683621920645,0.9995179176330566,1.908608464873396e-05
270,0,3,0.9990535378456116,0.0004771385865751654,0.00033105709007941186,0.0001382410409860313
271,0,3,0.9988263249397278,0.00031942143687047064,7.997760985745117e-05,0.000774218060541898
272,0,0,0.013526663184165955,0.9442592859268188,8.231326501118019e-05,0.04213177412748337
273,0,3,0.9996274709701538,0.0003021865268237889,5.0205399020342156e-05,2.018876330112107e-05
274,0,2,0.9965458512306213,0.0005294212023727596,7.683527655899525e-05,0.0028478922322392464
275,1,1,0.0006980089819990098,0.9991998076438904,3.993184873252176e-05,6.22759253019467e-05
276,1,0,0.0009075295529328287,0.9986721277236938,7.852695125620812e-05,0.000341755774570629
277,0,2,0.9995827078819275,0.0002773410815279931,4.411810004967265e-05,9.58419477683492e-05
278,0,2,0.9994226694107056,0.0002511038910597563,1.6883086573216133e-05,0.0003093143168371171
279,1,0,0.00014871270104777068,0.9997944235801697,2.7188905733055435e-05,2.96469315799186e-05
280,0,1,0.9958374500274658,0.0031138607300817966,0.0003419401473365724,0.0007067901315167546
281,1,1,0.000221005902858451,0.9991821646690369,1.7708678569761105e-05,0.000579064479097724
282,0,1,0.9646958112716675,0.006315482780337334,0.00034495917498134077,0.028643719851970673
283,1,3,0.001459768507629633,0.998478353023529,5.041650729253888e-05,1.1399123650335241e-05
284,1,1,0.00027769291773438454,0.9990864992141724,0.0002599998260848224,0.0003757607482839376
285,0,0,0.9989460110664368,0.0008788926061242819,5.917931775911711e-05,0.00011594850366236642
286,0,1,0.9988480806350708,0.0009353896020911634,6.753710476914421e-05,0.000149024766869843
287,0,1,0.9987101554870605,0.000873467477504164,0.00016329454956576228,0.0002530559722799808
288,1,1,0.0003918113943655044,0.9994741082191467,7.487041875720024e-05,5.921500633121468e-05
289,0,2,0.9990803003311157,0.00034717671223916113,4.7266534238588065e-05,0.0005252105183899403
290,0,1,0.9991299510002136,0.00046556914458051324,0.00014862846001051366,0.0002558779960963875
291,1,1,0.004009405616670847,0.9955066442489624,4.793642074218951e-05,0.00043600675417110324
292,1,2,0.00010422606283100322,0.9990247488021851,2.8066220693290234e-05,0.0008429685258306563
293,2,1,0.00011364228703314438,0.0001506446278654039,0.999693751335144,4.1989947931142524e-05
294,0,3,0.9991289973258972,0.0007514159078709781,7.517671474488452e-05,4.448316394700669e-05
295,1,3,3.627322075772099e-05,0.9999191761016846,3.2445597753394395e-05,1.2092693395970855e-05
296,3,2,0.9482292532920837,0.0021615459118038416,0.0002755337627604604,0.04933353513479233
297,0,1,0.998465895652771,0.0012768774759024382,8.509922918165103e-05,0.00017217574350070208
298,3,0,0.004067096393555403,0.6197541356086731,2.815198604366742e-05,0.3761506676673889
299,0,3,0.9947850108146667,0.005113364662975073,8.811154111754149e-05,1.3536036021832842e-05
300,1,0,0.9995005130767822,0.00041119937668554485,2.1532321625272743e-05,6.668141577392817e-05
301,0,0,0.9995379447937012,0.00033623576746322215,1.7580661733518355e-05,0.00010824218770721927
302,1,1,0.0016724459128454328,0.8030811548233032,0.00021244602976366878,0.19503392279148102
303,2,2,0.5216875672340393,0.10025548189878464,0.376614511013031,0.001442436478100717
304,0,3,0.9994931221008301,0.00042552207014523447,1.8420545529806986e-05,6.288712029345334e-05
305,1,2,0.00027161711477674544,0.9996744394302368,2.677854172361549e-05,2.7155403586220928e-05
306,1,1,0.0009933391120284796,0.9735677242279053,9.375136869493872e-05,0.025345180183649063
307,1,0,0.0022499484475702047,0.9970998764038086,0.00012436461111065,0.0005258168675936759
308,0,1,0.9977008700370789,0.0013535171747207642,0.00022095392341725528,0.0007246683235280216
309,0,3,0.999624490737915,0.0002789171121548861,4.177941445959732e-05,5.4775628086645156e-05
310,0,3,0.9996398687362671,0.0003235174808651209,2.7860491172759794e-05,8.76174362929305e-06
311,1,2,0.00015439430717378855,0.9995015859603882,1.6741045328672044e-05,0.00032734189881011844
312,0,0,0.9987413287162781,0.0006520888418890536,4.17039445892442e-05,0.0005649537779390812
313,0,3,0.9997139573097229,0.00023940802202560008,2.454193054290954e-05,2.211594801337924e-05
314,0,0,0.8539470434188843,0.14580103754997253,0.0001454755838494748,0.00010643628047546372
315,1,1,0.00031722820131108165,0.9994851350784302,7.692268991377205e-05,0.00012065603368682787
316,1,2,7.318460120586678e-05,0.9997885823249817,1.3713327462028246e-05,0.00012453478120733052
317,0,2,0.9995664954185486,0.0003504537744447589,2.457847585901618e-05,5.8495894336374477e-05
318,0,0,0.9997721314430237,0.0001892856671474874,1.080822039511986e-05,2.7713067538570613e-05
319,0,0,0.9992362260818481,0.0005998839624226093,5.653825428453274e-05,0.00010730221401900053
320,0,2,0.9990546107292175,0.00036218640161678195,6.357660458888859e-05,0.0005196243291720748
321,2,2,0.0004117582575418055,0.0020156349055469036,0.9972946047782898,0.0002780452778097242
322,0,3,0.9995266199111938,0.0003486485220491886,4.532675302471034e-05,7.946493860799819e-05
323,0,0,0.570174515247345,0.4252655506134033,0.00010118421050719917,0.004458772484213114
324,3,0,0.0006313234334811568,0.0014133788645267487,7.806491339579225e-05,0.9978772401809692
325,1,0,0.0005149670178070664,0.9993718266487122,3.825556268566288e-05,7.491789438063279e-05
326,2,2,0.00038583663990721107,0.0003678625507745892,0.9991920590400696,5.431455429061316e-05
327,1,3,1.8155256839236245e-05,0.9999476671218872,3.0830309697194025e-05,3.306591906948597e-06
328,0,3,0.9996836185455322,0.0002542841248214245,3.804533844231628e-05,2.411692366877105e-05
329,0,3,0.9932897686958313,0.0066340831108391285,4.5102900912752375e-05,3.108008240815252e-05
330,1,2,0.0005366313271224499,0.9993639588356018,6.556494918186218e-05,3.382166687515564e-05
331,0,2,0.9994288086891174,0.00040086277294903994,2.8356871553114615e-05,0.0001419012260157615
332,0,1,0.40181246399879456,0.004670786205679178,0.0019518198678269982,0.5915650129318237
333,1,2,0.00040122834616340697,0.9250643253326416,7.514689059462398e-05,0.07445932924747467
334,1,3,0.5707764029502869,0.3566958010196686,0.0045557888224720955,0.06797195225954056
335,1,3,3.334262510179542e-05,0.9999388456344604,1.695733590167947e-05,1.087201508198632e-05
336,0,3,0.9995315074920654,0.0004028937255498022,3.629171260399744e-05,2.9285229175002314e-05
337,0,1,0.9986918568611145,0.0005648277583532035,0.00013135132030583918,0.0006120456964708865
338,0,3,0.9986093044281006,0.001261865021660924,5.034864443587139e-05,7.844162610126659e-05
339,1,2,0.0005363067612051964,0.9993521571159363,9.105453500524163e-05,2.0536439478746615e-05
340,1,1,0.0004259894194547087,0.9993807077407837,0.00012699587387032807,6.621301872655749e-05
341,3,0,0.0028277619276195765,0.04886356368660927,0.00022563670063391328,0.9480831027030945
342,0,2,0.0008491823100484908,0.9988794922828674,0.0001603965793037787,0.00011097934475401416
343,0,3,0.994105339050293,0.0011444312985986471,0.00021016587561462075,0.00454014353454113
344,1,0,0.00040983554208651185,0.9994704127311707,2.67771611106582e-05,9.298148506786674e-05
345,0,3,0.26451992988586426,0.6838362812995911,0.0004081038641743362,0.05123564228415489
346,0,0,0.9925493001937866,0.007349594496190548,6.45138934487477e-05,3.6621291656047106e-05
347,1,1,0.00050728814676404,0.9990087747573853,7.218043901957572e-05,0.00041166352457366884
348,1,2,0.0017396779730916023,0.9981560111045837,4.58163813163992e-05,5.856596544617787e-05
349,2,2,0.000655722280498594,0.00042038082028739154,0.9988211989402771,0.00010262872820021585
350,0,2,0.99820876121521,0.0012861179420724511,5.648496517096646e-05,0.00044863668153993785
351,0,1,0.9932241439819336,0.004768264479935169,0.0007007914828136563,0.001306832185946405
352,1,2,0.00029366789385676384,0.9996190071105957,6.814416701672599e-05,1.9134620742988773e-05
353,0,2,0.19479624927043915,0.7308609485626221,0.0004294367099646479,0.0739133432507515
354,0,2,0.9992928504943848,0.0005595181719399989,4.6293607738334686e-05,0.0001012644061120227
355,3,2,0.009627189487218857,0.001856976537965238,0.00034736390807665884,0.9881685376167297
356,0,0,0.9995217323303223,0.0003642749215941876,8.370047908101697e-06,0.00010567306162556633
357,1,3,4.753574467031285e-05,0.9998325109481812,9.45317733567208e-05,2.5383020329172723e-05
358,3,2,0.42211684584617615,0.0017992036882787943,0.0720272958278656,0.5040566325187683
359,0,3,0.9997460246086121,0.0001879727642517537,3.066628778469749e-05,3.5382450732868165e-05
360,0,0,0.9917340278625488,0.004244448151439428,3.881989687215537e-05,0.003982811700552702
361,0,1,0.9251574277877808,0.07424050569534302,0.00030232389690354466,0.00029971179901622236
362,1,0,0.00043957121670246124,0.999358594417572,5.1906587032135576e-05,0.00015003221051301807
363,0,1,0.26613861322402954,0.010347875766456127,0.000999250914901495,0.7225143313407898
364,2,1,0.0005693589919246733,0.003976025152951479,0.994878888130188,0.0005757057806476951
365,1,1,0.0032404852099716663,0.18930338323116302,7.281630678335205e-05,0.8073832392692566
366,3,3,0.002003695350140333,0.030488496646285057,0.0003449204086791724,0.9671627879142761
367,0,1,0.9989858269691467,0.0007626507431268692,9.504411718808115e-05,0.0001564196718391031
368,1,2,0.0001447433460270986,0.99982088804245,2.1559961169259623e-05,1.293004970648326e-05
369,0,0,0.9996997117996216,0.0002459442475810647,2.080194462905638e-05,3.356080924277194e-05
370,0,2,0.5423848628997803,0.44140374660491943,0.0017624282045289874,0.014448975212872028
371,1,0,0.00028599766665138304,0.9994660019874573,2.57552346738521e-05,0.00022217723017092794
372,1,3,1.2975471690879203e-05,0.9999649524688721,1.8307215214008465e-05,3.7732336295448476e-06
373,2,2,0.0010522529482841492,0.0010285477619618177,0.99774169921875,0.00017754228611011058
374,3,2,0.001822669873945415,0.2124296873807907,0.00017805468814913183,0.7855696678161621
375,1,0,0.0010900429915636778,0.9984708428382874,2.9824426746927202e-05,0.00040919636376202106
376,1,2,0.0018262953963130713,0.9978808164596558,0.00013612720067612827,0.00015680388605687767
377,0,2,0.9991995692253113,0.0003272835456300527,2.824414514179807e-05,0.00044494771282188594
378,1,1,0.000306040165014565,0.999221920967102,0.00021794332133140415,0.0002541332214605063
379,0,1,0.9983008503913879,0.0006187079125083983,8.479395182803273e-05,0.0009956082794815302
380,2,0,0.0002818870998453349,0.00034251768374815583,0.9992608428001404,0.00011481179535621777
381,0,3,0.9997223019599915,0.00015270934090949595,4.842217094847001e-05,7.658669346710667e-05
382,1,1,0.00044208980398252606,0.9990530610084534,0.00012424986925907433,0.0003806633467320353
383,0,1,0.9984997510910034,0.001065876567736268,0.0001397469313815236,0.0002946605090983212
384,0,1,0.9983711838722229,0.0011718958849087358,4.105050538782962e-05,0.00041587231680750847
385,0,2,0.9990031123161316,0.0008067579474300146,2.723392390180379e-05,0.0001629242760827765
386,3,3,0.0002581384324003011,0.9970582723617554,9.061640594154596e-05,0.002592978533357382
387,1,0,0.0009798748651519418,0.9988443851470947,5.4328396799974144e-05,0.00012129155220463872
388,0,1,0.9988372921943665,0.0006063496111892164,9.684172982815653e-05,0.00045960251009091735
389,2,1,0.00015894095122348517,0.012832744047045708,0.9857008457183838,0.0013074245071038604
390,1,1,0.005413423292338848,0.28363603353500366,0.00018936734704766423,0.7107611894607544
391,1,1,0.00026545830769464374,0.9995212554931641,5.031365799368359e-05,0.0001630131300771609
392,0,0,0.9997575879096985,0.0002024438581429422,1.8312795873498544e-05,2.1626447050948627e-05
393,1,0,0.00040339428232982755,0.9994232654571533,3.354922228027135e-05,0.00013992274762131274
394,0,2,0.9993010759353638,0.0005457468796521425,6.104964995756745e-05,9.222661901731044e-05
395,0,3,0.9977078437805176,0.0003971308469772339,0.0017468960722908378,0.00014801985525991768
396,0,0,0.9963028430938721,0.0006108497618697584,4.8440193495480344e-05,0.0030378506053239107
397,0,1,0.9984933137893677,0.0006199729396030307,0.00013141980161890388,0.0007553043542429805
398,3,1,0.0037234313786029816,0.004085220396518707,0.000131913460791111,0.9920593500137329
399,0,0,0.9997902512550354,0.00017843492969404906,1.0505341379030142e-05,2.083651088469196e-05
400,1,2,0.00021548893710132688,0.9997180104255676,4.32319866376929e-05,2.3268989025382325e-05
401,2,0,0.00019116055045742542,0.0002690381952561438,0.9995138645172119,2.597653292468749e-05
402,2,3,9.164649236481637e-05,0.00024289844441227615,0.9996227025985718,4.270449062460102e-05
403,1,0,0.0003616678877733648,0.9994827508926392,4.795378481503576e-05,0.00010758241842268035
404,2,0,0.0002647757646627724,0.00028464163187891245,0.9994254112243652,2.527531069063116e-05
405,1,0,0.995183527469635,0.0028664604760706425,3.176965401507914e-05,0.001918214955367148
406,1,0,0.0013719440903514624,0.9981420040130615,3.4052267437800765e-05,0.00045209392555989325
407,0,2,0.9913902282714844,0.008472033776342869,3.947962977690622e-05,9.828873589867726e-05
408,0,2,0.9983780384063721,0.0007554998737759888,5.161528315511532e-05,0.0008148310007527471
409,1,1,0.00015813528443686664,0.9996761083602905,3.387158358236775e-05,0.00013190426398068666
410,0,2,0.9992513060569763,0.0005207310314290226,5.8861332945525646e-05,0.00016909540863707662
411,3,2,0.0019287698669359088,0.0022736804094165564,0.00023627003247383982,0.9955612421035767
412,2,2,0.0006729637971147895,0.0010823066113516688,0.998140811920166,0.00010392531112302095
413,1,1,0.001423739013262093,0.8132341504096985,0.00025247043231502175,0.18508969247341156
414,3,2,0.9988804459571838,0.0005115150124765933,7.374116103164852e-05,0.0005342757212929428
415,1,0,0.0011056233197450638,0.9874576926231384,8.697635348653421e-05,0.011349782347679138
416,3,3,0.005191839300096035,0.000841237953864038,0.0005654378910548985,0.9934014678001404
417,0,2,0.9974696636199951,0.0023544670548290014,5.15549945703242e-05,0.0001242381113115698
418,1,0,0.00027973143733106554,0.9995424747467041,3.3063541195588186e-05,0.0001448220427846536
419,2,1,0.001145591726526618,0.000958841061219573,0.9978203773498535,7.514293247368187e-05
420,1,3,2.1460076823132113e-05,0.9999474287033081,1.555085509608034e-05,1.565720776852686e-05
421,2,2,0.0004257321706973016,0.00035886059049516916,0.9991602897644043,5.5204025557031855e-05
422,2,3,0.00043421899317763746,0.00023695571871940047,0.9992191791534424,0.00010964053944917396
423,0,1,0.9992642998695374,0.0005575543036684394,7.8090641181916e-05,0.00010005353396991268
424,2,3,6.859743007225916e-05,0.00012476954725570977,0.9997835755348206,2.2981843358138576e-05
425,1,2,6.879945431137457e-05,0.9998574256896973,3.6561697925208136e-05,3.7167650589253753e-05
426,1,3,3.439432839513756e-05,0.9999270439147949,2.5947127141989768e-05,1.2655875252676196e-05
427,2,1,0.018659314140677452,0.0010699197882786393,0.9800558686256409,0.00021493714302778244
428,0,1,0.9987637996673584,0.0010301127331331372,3.867244231514633e-05,0.00016741991566959769
429,0,3,0.999653697013855,0.0002958474215120077,3.252042370149866e-05,1.7903616026160307e-05
